 (1X, 3F6.1, 12X, 6E11.3)
          25           6   30.00000    
           1   15.00000      0.0000000E+00
  151.8  76.0  14.4 -75.0  20.0  0.117E+00  0.832E-01 -0.874E+00  0.310E+00  0.471E+00  0.757E+00
  162.3  57.2  40.1 -75.0  50.0  0.587E+00  0.127E+00 -0.905E+00  0.476E+00  0.353E+00  0.319E+00
  185.1  45.9  76.0 -75.0  80.0  0.970E+00  0.443E-01 -0.931E+00  0.165E+00  0.258E+00 -0.389E-01
  213.9  48.4 117.2 105.0  70.0  0.883E+00 -0.832E-01 -0.925E+00 -0.310E+00  0.279E+00  0.422E-01
  232.5  63.0 149.3 105.0  40.0  0.413E+00 -0.127E+00 -0.894E+00 -0.476E+00  0.397E+00  0.481E+00
  239.6  82.9 172.9 105.0  10.0  0.302E-01 -0.443E-01 -0.868E+00 -0.165E+00  0.492E+00  0.838E+00
           2   45.00000      0.0000000E+00
  181.8  76.0  14.4 -45.0  20.0  0.117E+00  0.227E+00 -0.585E-01  0.227E+00  0.942E+00 -0.585E-01
  192.3  57.2  40.1 -45.0  50.0  0.587E+00  0.348E+00 -0.293E+00  0.348E+00  0.707E+00 -0.293E+00
  215.1  45.9  76.0 -45.0  80.0  0.970E+00  0.121E+00 -0.485E+00  0.121E+00  0.515E+00 -0.485E+00
  243.9  48.4 117.2 135.0  70.0  0.883E+00 -0.227E+00 -0.442E+00 -0.227E+00  0.558E+00 -0.442E+00
  262.5  63.0 149.3 135.0  40.0  0.413E+00 -0.348E+00 -0.207E+00 -0.348E+00  0.793E+00 -0.207E+00
  269.6  82.9 172.9 135.0  10.0  0.302E-01 -0.121E+00 -0.151E-01 -0.121E+00  0.985E+00 -0.151E-01
           3   75.00000      0.0000000E+00
  211.8  76.0  14.4 -15.0  20.0  0.117E+00  0.310E+00  0.757E+00  0.832E-01  0.471E+00 -0.874E+00
  222.3  57.2  40.1 -15.0  50.0  0.587E+00  0.476E+00  0.319E+00  0.127E+00  0.353E+00 -0.905E+00
  245.1  45.9  76.0 -15.0  80.0  0.970E+00  0.165E+00 -0.389E-01  0.443E-01  0.258E+00 -0.931E+00
  273.9  48.4 117.2 165.0  70.0  0.883E+00 -0.310E+00  0.422E-01 -0.832E-01  0.279E+00 -0.925E+00
  292.5  63.0 149.3 165.0  40.0  0.413E+00 -0.476E+00  0.481E+00 -0.127E+00  0.397E+00 -0.894E+00
  299.6  82.9 172.9 165.0  10.0  0.302E-01 -0.165E+00  0.838E+00 -0.443E-01  0.492E+00 -0.868E+00
           4   105.0000      0.0000000E+00
  241.8  76.0  14.4  15.0  20.0  0.117E+00  0.310E+00  0.757E+00 -0.832E-01 -0.471E+00 -0.874E+00
  252.3  57.2  40.1  15.0  50.0  0.587E+00  0.476E+00  0.319E+00 -0.127E+00 -0.353E+00 -0.905E+00
  275.1  45.9  76.0  15.0  80.0  0.970E+00  0.165E+00 -0.389E-01 -0.443E-01 -0.258E+00 -0.931E+00
  303.9  48.4 117.2-165.0  70.0  0.883E+00 -0.310E+00  0.422E-01  0.832E-01 -0.279E+00 -0.925E+00
  322.5  63.0 149.3-165.0  40.0  0.413E+00 -0.476E+00  0.481E+00  0.127E+00 -0.397E+00 -0.894E+00
  329.6  82.9 172.9-165.0  10.0  0.302E-01 -0.165E+00  0.838E+00  0.443E-01 -0.492E+00 -0.868E+00
           5   135.0000      0.0000000E+00
  271.8  76.0  14.4  45.0  20.0  0.117E+00  0.227E+00 -0.585E-01 -0.227E+00 -0.942E+00 -0.585E-01
  282.3  57.2  40.1  45.0  50.0  0.587E+00  0.348E+00 -0.293E+00 -0.348E+00 -0.707E+00 -0.293E+00
  305.1  45.9  76.0  45.0  80.0  0.970E+00  0.121E+00 -0.485E+00 -0.121E+00 -0.515E+00 -0.485E+00
  333.9  48.4 117.2-135.0  70.0  0.883E+00 -0.227E+00 -0.442E+00  0.227E+00 -0.558E+00 -0.442E+00
  352.5  63.0 149.3-135.0  40.0  0.413E+00 -0.348E+00 -0.207E+00  0.348E+00 -0.793E+00 -0.207E+00
  359.6  82.9 172.9-135.0  10.0  0.302E-01 -0.121E+00 -0.151E-01  0.121E+00 -0.985E+00 -0.151E-01
           6   165.0000      0.0000000E+00
  301.8  76.0  14.4  75.0  20.0  0.117E+00  0.832E-01 -0.874E+00 -0.310E+00 -0.471E+00  0.757E+00
  312.3  57.2  40.1  75.0  50.0  0.587E+00  0.127E+00 -0.905E+00 -0.476E+00 -0.353E+00  0.319E+00
  335.1  45.9  76.0  75.0  80.0  0.970E+00  0.443E-01 -0.931E+00 -0.165E+00 -0.258E+00 -0.389E-01
    3.9  48.4 117.2-105.0  70.0  0.883E+00 -0.832E-01 -0.925E+00  0.310E+00 -0.279E+00  0.422E-01
   22.5  63.0 149.3-105.0  40.0  0.413E+00 -0.127E+00 -0.894E+00  0.476E+00 -0.397E+00  0.481E+00
   29.6  82.9 172.9-105.0  10.0  0.302E-01 -0.443E-01 -0.868E+00  0.165E+00 -0.492E+00  0.838E+00
           7  0.0000000E+00   30.00000    
  126.5  55.7 -10.0-100.3  17.2 -0.162E+00 -0.484E+00 -0.721E+00  0.278E+00 -0.161E+00  0.883E+00
  126.9  34.6  11.7-120.8  41.6  0.190E+00 -0.687E+00 -0.603E+00  0.426E+00 -0.246E+00  0.413E+00
  155.1  16.9  58.9-160.6  58.5  0.477E+00 -0.853E+00 -0.508E+00  0.148E+00 -0.855E-01  0.302E-01
  220.8  21.7 143.2 143.9  54.5  0.412E+00 -0.815E+00 -0.529E+00 -0.278E+00  0.161E+00  0.117E+00
  234.6  41.7 176.5 112.8  33.8  0.599E-01 -0.612E+00 -0.647E+00 -0.426E+00  0.246E+00  0.587E+00
  231.6  62.6-163.8  95.0   8.6 -0.227E+00 -0.446E+00 -0.742E+00 -0.148E+00  0.855E-01  0.970E+00
           8   30.00000       30.00000    
  156.5  55.7 -10.0 -70.3  17.2 -0.162E+00 -0.280E+00 -0.459E+00  0.483E+00  0.614E+00  0.621E+00
  156.9  34.6  11.7 -90.8  41.6  0.190E+00 -0.382E+00 -0.562E+00  0.713E+00  0.317E+00  0.372E+00
  185.1  16.9  58.9-130.6  58.5  0.477E+00 -0.665E+00 -0.447E+00  0.555E+00  0.190E+00 -0.302E-01
  250.8  21.7 143.2 173.9  54.5  0.412E+00 -0.845E+00 -0.229E+00  0.167E+00  0.360E+00 -0.184E+00
  264.6  41.7 176.5 142.8  33.8  0.599E-01 -0.743E+00 -0.125E+00 -0.633E-01  0.657E+00  0.652E-01
  261.6  62.6-163.8 125.0   8.6 -0.227E+00 -0.460E+00 -0.240E+00  0.948E-01  0.784E+00  0.468E+00
           9   60.00000       30.00000    
  186.5  55.7 -10.0 -40.3  17.2 -0.162E+00 -0.788E-03  0.343E+00  0.558E+00  0.775E+00 -0.181E+00
  186.9  34.6  11.7 -60.8  41.6  0.190E+00  0.257E-01 -0.542E-01  0.808E+00  0.563E+00 -0.136E+00
  215.1  16.9  58.9-100.6  58.5  0.477E+00 -0.298E+00 -0.178E+00  0.813E+00  0.276E+00 -0.299E+00
  280.8  21.7 143.2-156.1  54.5  0.412E+00 -0.649E+00  0.946E-01  0.567E+00  0.199E+00 -0.507E+00
  294.6  41.7 176.5 172.8  33.8  0.599E-01 -0.675E+00  0.492E+00  0.317E+00  0.411E+00 -0.552E+00
  291.6  62.6-163.8 155.0   8.6 -0.227E+00 -0.351E+00  0.616E+00  0.312E+00  0.699E+00 -0.388E+00
          10   90.00000       30.00000    
  216.5  55.7 -10.0 -10.3  17.2 -0.162E+00  0.278E+00  0.883E+00  0.484E+00  0.161E+00 -0.721E+00
  216.9  34.6  11.7 -30.8  41.6  0.190E+00  0.426E+00  0.413E+00  0.687E+00  0.246E+00 -0.603E+00
  245.1  16.9  58.9 -70.6  58.5  0.477E+00  0.148E+00  0.302E-01  0.853E+00  0.855E-01 -0.508E+00
  310.8  21.7 143.2-126.1  54.5  0.412E+00 -0.278E+00  0.117E+00  0.815E+00 -0.161E+00 -0.529E+00
  324.6  41.7 176.5-157.2  33.8  0.599E-01 -0.426E+00  0.587E+00  0.612E+00 -0.246E+00 -0.647E+00
  321.6  62.6-163.8-175.0   8.6 -0.227E+00 -0.148E+00  0.970E+00  0.446E+00 -0.855E-01 -0.742E+00
          11   120.0000       30.00000    
  246.5  55.7 -10.0  19.7  17.2 -0.162E+00  0.483E+00  0.621E+00  0.280E+00 -0.614E+00 -0.459E+00
  246.9  34.6  11.7  -0.8  41.6  0.190E+00  0.713E+00  0.372E+00  0.382E+00 -0.317E+00 -0.562E+00
  275.1  16.9  58.9 -40.6  58.5  0.477E+00  0.555E+00 -0.302E-01  0.665E+00 -0.190E+00 -0.447E+00
  340.8  21.7 143.2 -96.1  54.5  0.412E+00  0.167E+00 -0.184E+00  0.845E+00 -0.360E+00 -0.229E+00
  354.6  41.7 176.5-127.2  33.8  0.599E-01 -0.633E-01  0.652E-01  0.743E+00 -0.657E+00 -0.125E+00
  351.6  62.6-163.8-145.0   8.6 -0.227E+00  0.948E-01  0.468E+00  0.460E+00 -0.784E+00 -0.240E+00
          12   150.0000       30.00000    
  276.5  55.7 -10.0  49.7  17.2 -0.162E+00  0.558E+00 -0.181E+00  0.787E-03 -0.775E+00  0.343E+00
  276.9  34.6  11.7  29.2  41.6  0.190E+00  0.808E+00 -0.136E+00 -0.257E-01 -0.563E+00 -0.542E-01
  305.1  16.9  58.9 -10.6  58.5  0.477E+00  0.813E+00 -0.299E+00  0.298E+00 -0.276E+00 -0.178E+00
   10.8  21.7 143.2 -66.1  54.5  0.412E+00  0.567E+00 -0.507E+00  0.649E+00 -0.199E+00  0.946E-01
   24.6  41.7 176.5 -97.2  33.8  0.599E-01  0.317E+00 -0.552E+00  0.675E+00 -0.411E+00  0.492E+00
   21.6  62.6-163.8-115.0   8.6 -0.227E+00  0.312E+00 -0.388E+00  0.351E+00 -0.699E+00  0.616E+00
          13   180.0000       30.00000    
  306.5  55.7 -10.0  79.7  17.2 -0.162E+00  0.484E+00 -0.721E+00 -0.278E+00 -0.161E+00  0.883E+00
  306.9  34.6  11.7  59.2  41.6  0.190E+00  0.687E+00 -0.603E+00 -0.426E+00 -0.246E+00  0.413E+00
  335.1  16.9  58.9  19.4  58.5  0.477E+00  0.853E+00 -0.508E+00 -0.148E+00 -0.855E-01  0.302E-01
   40.8  21.7 143.2 -36.1  54.5  0.412E+00  0.815E+00 -0.529E+00  0.278E+00  0.161E+00  0.117E+00
   54.6  41.7 176.5 -67.2  33.8  0.599E-01  0.612E+00 -0.647E+00  0.426E+00  0.246E+00  0.587E+00
   51.6  62.6-163.8 -85.0   8.6 -0.227E+00  0.446E+00 -0.742E+00  0.148E+00  0.855E-01  0.970E+00
          14   210.0000       30.00000    
  336.5  55.7 -10.0 109.7  17.2 -0.162E+00  0.280E+00 -0.459E+00 -0.483E+00  0.614E+00  0.621E+00
  336.9  34.6  11.7  89.2  41.6  0.190E+00  0.382E+00 -0.562E+00 -0.713E+00  0.317E+00  0.372E+00
    5.1  16.9  58.9  49.4  58.5  0.477E+00  0.665E+00 -0.447E+00 -0.555E+00  0.190E+00 -0.302E-01
   70.8  21.7 143.2  -6.1  54.5  0.412E+00  0.845E+00 -0.229E+00 -0.167E+00  0.360E+00 -0.184E+00
   84.6  41.7 176.5 -37.2  33.8  0.599E-01  0.743E+00 -0.125E+00  0.633E-01  0.657E+00  0.652E-01
   81.6  62.6-163.8 -55.0   8.6 -0.227E+00  0.460E+00 -0.240E+00 -0.948E-01  0.784E+00  0.468E+00
          15   240.0000       30.00000    
    6.5  55.7 -10.0 139.7  17.2 -0.162E+00  0.788E-03  0.343E+00 -0.558E+00  0.775E+00 -0.181E+00
    6.9  34.6  11.7 119.2  41.6  0.190E+00 -0.257E-01 -0.542E-01 -0.808E+00  0.563E+00 -0.136E+00
   35.1  16.9  58.9  79.4  58.5  0.477E+00  0.298E+00 -0.178E+00 -0.813E+00  0.276E+00 -0.299E+00
  100.8  21.7 143.2  23.9  54.5  0.412E+00  0.649E+00  0.946E-01 -0.567E+00  0.199E+00 -0.507E+00
  114.6  41.7 176.5  -7.2  33.8  0.599E-01  0.675E+00  0.492E+00 -0.317E+00  0.411E+00 -0.552E+00
  111.6  62.6-163.8 -25.0   8.6 -0.227E+00  0.351E+00  0.616E+00 -0.312E+00  0.699E+00 -0.388E+00
          16   270.0000       30.00000    
   36.5  55.7 -10.0 169.7  17.2 -0.162E+00 -0.278E+00  0.883E+00 -0.484E+00  0.161E+00 -0.721E+00
   36.9  34.6  11.7 149.2  41.6  0.190E+00 -0.426E+00  0.413E+00 -0.687E+00  0.246E+00 -0.603E+00
   65.1  16.9  58.9 109.4  58.5  0.477E+00 -0.148E+00  0.302E-01 -0.853E+00  0.855E-01 -0.508E+00
  130.8  21.7 143.2  53.9  54.5  0.412E+00  0.278E+00  0.117E+00 -0.815E+00 -0.161E+00 -0.529E+00
  144.6  41.7 176.5  22.8  33.8  0.599E-01  0.426E+00  0.587E+00 -0.612E+00 -0.246E+00 -0.647E+00
  141.6  62.6-163.8   5.0   8.6 -0.227E+00  0.148E+00  0.970E+00 -0.446E+00 -0.855E-01 -0.742E+00
          17   300.0000       30.00000    
   66.5  55.7 -10.0-160.3  17.2 -0.162E+00 -0.483E+00  0.621E+00 -0.280E+00 -0.614E+00 -0.459E+00
   66.9  34.6  11.7 179.2  41.6  0.190E+00 -0.713E+00  0.372E+00 -0.382E+00 -0.317E+00 -0.562E+00
   95.1  16.9  58.9 139.4  58.5  0.477E+00 -0.555E+00 -0.302E-01 -0.665E+00 -0.190E+00 -0.447E+00
  160.8  21.7 143.2  83.9  54.5  0.412E+00 -0.167E+00 -0.184E+00 -0.845E+00 -0.360E+00 -0.229E+00
  174.6  41.7 176.5  52.8  33.8  0.599E-01  0.633E-01  0.652E-01 -0.743E+00 -0.657E+00 -0.125E+00
  171.6  62.6-163.8  35.0   8.6 -0.227E+00 -0.948E-01  0.468E+00 -0.460E+00 -0.784E+00 -0.240E+00
          18   330.0000       30.00000    
   96.5  55.7 -10.0-130.3  17.2 -0.162E+00 -0.558E+00 -0.181E+00 -0.788E-03 -0.775E+00  0.343E+00
   96.9  34.6  11.7-150.8  41.6  0.190E+00 -0.808E+00 -0.136E+00  0.257E-01 -0.563E+00 -0.542E-01
  125.1  16.9  58.9 169.4  58.5  0.477E+00 -0.813E+00 -0.299E+00 -0.298E+00 -0.276E+00 -0.178E+00
  190.8  21.7 143.2 113.9  54.5  0.412E+00 -0.567E+00 -0.507E+00 -0.649E+00 -0.199E+00  0.946E-01
  204.6  41.7 176.5  82.8  33.8  0.599E-01 -0.317E+00 -0.552E+00 -0.675E+00 -0.411E+00  0.492E+00
  201.6  62.6-163.8  65.0   8.6 -0.227E+00 -0.312E+00 -0.388E+00 -0.351E+00 -0.699E+00  0.616E+00
          19   30.00000       60.00000    
  132.2  42.8 -46.3 -77.5   9.8 -0.721E+00 -0.339E+00 -0.142E+00  0.381E+00  0.313E+00  0.863E+00
  105.7  28.0 -46.7-105.9  22.5 -0.603E+00 -0.472E+00 -0.123E+00  0.557E+00 -0.117E+00  0.727E+00
   56.2  16.1 -71.8-138.5  29.5 -0.508E+00 -0.696E+00  0.237E+00  0.501E+00 -0.268E+00  0.270E+00
  342.5  19.2-121.4-172.8  28.0 -0.529E+00 -0.786E+00  0.579E+00  0.269E+00  0.113E-01 -0.502E-01
  304.2  32.9-134.8 156.0  18.7 -0.647E+00 -0.653E+00  0.561E+00  0.927E-01  0.441E+00  0.858E-01
  280.5  47.6-131.8 128.7   5.0 -0.742E+00 -0.429E+00  0.200E+00  0.149E+00  0.592E+00  0.542E+00
          20   90.00000       60.00000    
  192.2  42.8 -46.3 -17.5   9.8 -0.721E+00  0.161E+00  0.883E+00  0.484E+00  0.278E+00 -0.162E+00
  165.7  28.0 -46.7 -45.9  22.5 -0.603E+00  0.246E+00  0.413E+00  0.687E+00  0.426E+00  0.190E+00
  116.2  16.1 -71.8 -78.5  29.5 -0.508E+00  0.855E-01  0.302E-01  0.853E+00  0.148E+00  0.477E+00
   42.5  19.2-121.4-112.8  28.0 -0.529E+00 -0.161E+00  0.117E+00  0.815E+00 -0.278E+00  0.412E+00
    4.2  32.9-134.8-144.0  18.7 -0.647E+00 -0.246E+00  0.587E+00  0.612E+00 -0.426E+00  0.599E-01
  340.5  47.6-131.8-171.3   5.0 -0.742E+00 -0.855E-01  0.970E+00  0.446E+00 -0.148E+00 -0.227E+00
          21   150.0000       60.00000    
  252.2  42.8 -46.3  42.5   9.8 -0.721E+00  0.499E+00  0.340E+00  0.103E+00 -0.592E+00  0.381E+00
  225.7  28.0 -46.7  14.1  22.5 -0.603E+00  0.718E+00  0.615E+00  0.130E+00 -0.310E+00 -0.119E-01
  176.2  16.1 -71.8 -18.5  29.5 -0.508E+00  0.781E+00  0.494E+00  0.352E+00  0.120E+00  0.137E-01
  102.5  19.2-121.4 -52.8  28.0 -0.529E+00  0.626E+00  0.974E-01  0.547E+00  0.267E+00  0.432E+00
   64.2  32.9-134.8 -84.0  18.7 -0.647E+00  0.407E+00 -0.178E+00  0.519E+00 -0.150E-01  0.824E+00
   40.5  47.6-131.8-111.3   5.0 -0.742E+00  0.344E+00 -0.563E-01  0.297E+00 -0.444E+00  0.799E+00
          22   210.0000       60.00000    
  312.2  42.8 -46.3 102.5   9.8 -0.721E+00  0.339E+00 -0.142E+00 -0.381E+00  0.313E+00  0.863E+00
  285.7  28.0 -46.7  74.1  22.5 -0.603E+00  0.472E+00 -0.123E+00 -0.557E+00 -0.117E+00  0.727E+00
  236.2  16.1 -71.8  41.5  29.5 -0.508E+00  0.696E+00  0.237E+00 -0.501E+00 -0.268E+00  0.270E+00
  162.5  19.2-121.4   7.2  28.0 -0.529E+00  0.786E+00  0.579E+00 -0.269E+00  0.113E-01 -0.502E-01
  124.2  32.9-134.8 -24.0  18.7 -0.647E+00  0.653E+00  0.561E+00 -0.927E-01  0.441E+00  0.858E-01
  100.5  47.6-131.8 -51.3   5.0 -0.742E+00  0.429E+00  0.200E+00 -0.149E+00  0.592E+00  0.542E+00
          23   270.0000       60.00000    
   12.2  42.8 -46.3 162.5   9.8 -0.721E+00 -0.161E+00  0.883E+00 -0.484E+00  0.278E+00 -0.162E+00
  345.7  28.0 -46.7 134.1  22.5 -0.603E+00 -0.246E+00  0.413E+00 -0.687E+00  0.426E+00  0.190E+00
  296.2  16.1 -71.8 101.5  29.5 -0.508E+00 -0.855E-01  0.302E-01 -0.853E+00  0.148E+00  0.477E+00
  222.5  19.2-121.4  67.2  28.0 -0.529E+00  0.161E+00  0.117E+00 -0.815E+00 -0.278E+00  0.412E+00
  184.2  32.9-134.8  36.0  18.7 -0.647E+00  0.246E+00  0.587E+00 -0.612E+00 -0.426E+00  0.599E-01
  160.5  47.6-131.8   8.7   5.0 -0.742E+00  0.855E-01  0.970E+00 -0.446E+00 -0.148E+00 -0.227E+00
          24   330.0000       60.00000    
   72.2  42.8 -46.3-137.5   9.8 -0.721E+00 -0.499E+00  0.340E+00 -0.103E+00 -0.592E+00  0.381E+00
   45.7  28.0 -46.7-165.9  22.5 -0.603E+00 -0.718E+00  0.615E+00 -0.130E+00 -0.310E+00 -0.119E-01
  356.2  16.1 -71.8 161.5  29.5 -0.508E+00 -0.781E+00  0.494E+00 -0.352E+00  0.120E+00  0.137E-01
  282.5  19.2-121.4 127.2  28.0 -0.529E+00 -0.626E+00  0.974E-01 -0.547E+00  0.267E+00  0.432E+00
  244.2  32.9-134.8  96.0  18.7 -0.647E+00 -0.407E+00 -0.178E+00 -0.519E+00 -0.150E-01  0.824E+00
  220.5  47.6-131.8  68.7   5.0 -0.742E+00 -0.344E+00 -0.563E-01 -0.297E+00 -0.444E+00  0.799E+00
          25  0.0000000E+00   90.00000    
  250.0  45.0 -90.0  70.0   0.0 -0.100E+01  0.268E-06  0.117E+00 -0.596E-07 -0.321E+00  0.883E+00
  220.0  45.0 -90.0  40.0   0.0 -0.100E+01  0.149E-06  0.587E+00 -0.119E-06 -0.492E+00  0.413E+00
  190.0  45.0 -90.0  10.0   0.0 -0.100E+01  0.209E-06  0.970E+00  0.186E-06 -0.171E+00  0.302E-01
  160.0  45.0 -90.0 340.0   0.0 -0.100E+01  0.596E-07  0.883E+00 -0.119E-06  0.321E+00  0.117E+00
  130.0  45.0 -90.0 310.0   0.0 -0.100E+01  0.209E-06  0.413E+00  0.298E-07  0.492E+00  0.587E+00
  100.0  45.0 -90.0 280.0   0.0 -0.100E+01  0.112E-06  0.302E-01  0.000E+00  0.171E+00  0.970E+00
