label
   62.2050 -144.1250    0.0000 -999.0000    0.1800   0 4*
   62.1112 -144.6417    0.0000 -999.0000    0.1800   0 4*
   61.9888 -144.0667    0.0000 -999.0000    0.1800   0 4*
   61.7483 -143.4417    0.0000 -999.0000    0.1800   0 4*
   61.0385 -141.0747    0.0000 -999.0000    0.1800   0 4*
   61.3333 -152.2500    0.0000 -999.0000    0.1800   0 4*
   61.6000 -152.4000    0.0000 -999.0000    0.1800   0 4*
   60.4917 -152.7500    0.0000 -999.0000    0.1800   0 4*
   60.0333 -153.0917    0.0000 -999.0000    0.1800   0 4*
   59.3612 -153.4167    0.0000 -999.0000    0.1800   0 4*
   58.8612 -153.5167    0.0000 -999.0000    0.1800   0 4*
   58.2667 -154.9750    0.0000 -999.0000    0.1800   0 4*
   52.3500  175.9105    0.0000 -999.0000    0.1800   0 4*
   52.3650  175.9400    0.0000 -999.0000    0.1800   0 4*
   52.1027  177.6019    0.0000 -999.0000    0.1800   0 4*
   52.0152  178.1355    0.0000 -999.0000    0.1800   0 4*
   51.9566  178.3300    0.0000 -999.0000    0.1800   0 4*
   51.9500  178.5430    0.0000 -999.0000    0.1800   0 4*
   51.9300  179.6050    0.0000 -999.0000    0.1800   0 4*
   51.9563  179.6305    0.0000 -999.0000    0.1800   0 4*
   51.8950  179.6383    0.0000 -999.0000    0.1800   0 4*
   51.7902 -178.7938    0.0000 -999.0000    0.1800   0 4*
   51.8755 -178.1933    0.0000 -999.0000    0.1800   0 4*
   51.8850 -178.1458    0.0000 -999.0000    0.1800   0 4*
   51.8727 -178.0055    0.0000 -999.0000    0.1800   0 4*
   51.9100 -177.4383    0.0000 -999.0000    0.1800   0 4*
   51.9227 -177.1677    0.0000 -999.0000    0.1800   0 4*
   51.9438 -176.7466    0.0000 -999.0000    0.1800   0 4*
   51.9877 -176.5916    0.0000 -999.0000    0.1800   0 4*
   52.0761 -176.1300    0.0000 -999.0000    0.1800   0 4*
   52.1775 -175.5083    0.0000 -999.0000    0.1800   0 4*
   52.2266 -175.0433    0.0000 -999.0000    0.1800   0 4*
   52.0500 -174.9500    0.0000 -999.0000    0.1800   0 4*
   52.3811 -174.1541    0.0000 -999.0000    0.1800   0 4*
   52.3102 -174.1291    0.0000 -999.0000    0.1800   0 4*
   52.3316 -174.1366    0.0000 -999.0000    0.1800   0 4*
   52.3138 -174.0277    0.0000 -999.0000    0.1800   0 4*
   52.3152 -172.5097    0.0000 -999.0000    0.1800   0 4*
   52.3333 -172.3597    0.0000 -999.0000    0.1800   0 4*
   52.5000 -171.2522    0.0000 -999.0000    0.1800   0 4*
   52.5766 -171.1333    0.0000 -999.0000    0.1800   0 4*
   52.6427 -170.6286    0.0000 -999.0000    0.1800   0 4*
   52.7422 -170.1105    0.0000 -999.0000    0.1800   0 4*
   52.8938 -170.0541    0.0000 -999.0000    0.1800   0 4*
   52.8250 -169.9438    0.0000 -999.0000    0.1800   0 4*
   53.0650 -169.7666    0.0000 -999.0000    0.1800   0 4*
   52.8405 -169.7583    0.0000 -999.0000    0.1800   0 4*
   52.9736 -169.7166    0.0000 -999.0000    0.1800   0 4*
   53.1300 -168.6930    0.0000 -999.0000    0.1800   0 4*
   53.1566 -168.5388    0.0000 -999.0000    0.1800   0 4*
   53.4055 -168.1791    0.0000 -999.0000    0.1800   0 4*
   53.3766 -168.0541    0.0000 -999.0000    0.1800   0 4*
   53.9294 -168.0300    0.0000 -999.0000    0.1800   0 4*
   53.8908 -166.9227    0.0000 -999.0000    0.1800   0 4*
   54.1344 -165.9861    0.0000 -999.0000    0.1800   0 4*
   54.2527 -165.6597    0.0000 -999.0000    0.1800   0 4*
   54.5733 -164.6966    0.0000 -999.0000    0.1800   0 4*
   54.5305 -164.6877    0.0000 -999.0000    0.1800   0 4*
   54.5183 -164.6500    0.0000 -999.0000    0.1800   0 4*
   54.6788 -164.4811    0.0000 -999.0000    0.1800   0 4*
   54.7555 -163.9666    0.0000 -999.0000    0.1800   0 4*
   54.7650 -163.7225    0.0000 -999.0000    0.1800   0 4*
   54.8000 -163.5888    0.0000 -999.0000    0.1800   0 4*
   55.4238 -163.1491    0.0000 -999.0000    0.1800   0 4*
   55.0816 -162.8138    0.0000 -999.0000    0.1800   0 4*
   55.1680 -162.2716    0.0000 -999.0000    0.1800   0 4*
   55.3405 -162.0786    0.0000 -999.0000    0.1800   0 4*
   55.3677 -161.9916    0.0000 -999.0000    0.1800   0 4*
   55.3733 -161.9722    0.0000 -999.0000    0.1800   0 4*
   55.4166 -161.8875    0.0000 -999.0000    0.1800   0 4*
   55.4527 -161.8430    0.0000 -999.0000    0.1800   0 4*
   55.6411 -161.2138    0.0000 -999.0000    0.1800   0 4*
   56.0111 -159.7972    0.0000 -999.0000    0.1800   0 4*
   56.1955 -159.3883    0.0000 -999.0000    0.1800   0 4*
   56.5525 -158.7847    0.0000 -999.0000    0.1800   0 4*
   56.8819 -158.1522    0.0000 -999.0000    0.1800   0 4*
   57.0186 -157.1850    0.0000 -999.0000    0.1800   0 4*
   57.1350 -156.9900    0.0000 -999.0000    0.1800   0 4*
   57.2027 -156.7452    0.0000 -999.0000    0.1800   0 4*
   57.8316 -156.5097    0.0000 -999.0000    0.1800   0 4*
   57.7508 -156.3680    0.0000 -999.0000    0.1800   0 4*
   57.7286 -156.3694    0.0000 -999.0000    0.1800   0 4*
   58.0538 -155.6688    0.0000 -999.0000    0.1800   0 4*
   58.1722 -155.3611    0.0000 -999.0000    0.1800   0 4*
   58.1947 -155.2527    0.0000 -999.0000    0.1800   0 4*
   58.2355 -155.1000    0.0000 -999.0000    0.1800   0 4*
   58.2666 -155.1566    0.0000 -999.0000    0.1800   0 4*
   58.2555 -155.1719    0.0000 -999.0000    0.1800   0 4*
   58.2463 -155.1988    0.0000 -999.0000    0.1800   0 4*
   58.3538 -155.0916    0.0000 -999.0000    0.1800   0 4*
   58.2797 -154.9633    0.0000 -999.0000    0.1800   0 4*
   58.3355 -154.6819    0.0000 -999.0000    0.1800   0 4*
   58.4177 -154.4491    0.0000 -999.0000    0.1800   0 4*
   58.4308 -154.3891    0.0000 -999.0000    0.1800   0 4*
   58.4527 -154.3550    0.0000 -999.0000    0.1800   0 4*
   58.4744 -154.3055    0.0000 -999.0000    0.1800   0 4*
   58.6083 -154.0277    0.0000 -999.0000    0.1800   0 4*
   58.7700 -153.6722    0.0000 -999.0000    0.1800   0 4*
   58.8552 -153.5419    0.0000 -999.0000    0.1800   0 4*
   59.3633 -153.4333    0.0000 -999.0000    0.1800   0 4*
   60.4852 -152.7419    0.0000 -999.0000    0.1800   0 4*
   60.0319 -153.0902    0.0000 -999.0000    0.1800   0 4*
   61.2994 -152.2511    0.0000 -999.0000    0.1800   0 4*
   61.6402 -152.4113    0.0000 -999.0000    0.1800   0 4*
